%YAML:1.0
---
Num: 100
